4294967294,0
4294967294,83
4294967294,11
4294967294,68
4294967278,132
4294967278,131
4294967278,130
4294967278,129
4294967278,128
4294967278,127
4294967278,126
4294967278,125
4294967278,124
4294967278,123
4294967278,122
4294967278,121
4294967278,120
4294967278,398
4294967278,119
4294967278,118
4294967278,117
4294967278,215
4294967278,116
4294967278,115
4294967278,114
4294967278,419
4294967278,113
4294967278,112
4294967278,111
4294967278,110
4294967278,109
4294967278,137
4294967278,108
4294967278,107
4294967278,106
4294967278,105
4294967278,104
4294967278,103
4294967278,102
4294967278,101
4294967278,100
4294967278,99
4294967278,98
4294967278,97
4294967278,96
4294967278,95
4294967278,94
4294967278,93
4294967278,92
4294967278,91
4294967278,90
4294967278,88
4294967278,89
4294967278,87
4294967278,86
4294967278,85
4294967278,84
4294967278,83
4294967278,82
4294967278,81
4294967278,80
4294967278,79
4294967278,78
4294967278,418
4294967278,75
4294967278,73
4294967278,72
4294967278,71
4294967278,70
4294967278,69
4294967278,260
4294967278,7
4294967279,285
4294967279,111
4294967279,110
4294967279,106
4294967279,104
4294967279,102
4294967279,101
4294967279,100
4294967279,99
4294967279,96
4294967279,95
4294967279,94
4294967279,93
4294967279,92
4294967279,85
4294967279,84
4294967279,82
4294967279,77
4294967279,74
4294967279,70
4294967279,68
4294967279,65
4294967279,62
4294967279,58
4294967279,53
4294967279,51
4294967279,50
4294967279,49
4294967279,48
4294967279,44
4294967279,40
4294967279,38
4294967279,37
4294967279,35
4294967279,32
4294967279,29
4294967279,27
4294967279,26
4294967279,24
4294967279,21
4294967279,16
4294967279,11
4294967279,10
4294967279,9
4294967279,8
4294967279,7
4294967279,6
4294967279,5
4294967279,553
4294967278,391
4294967279,551
4294967279,538
9260,5
9260,4
9260,3
9260,2
9260,1
4294967294,1420
4294967279,241
4294967279,237
4294967278,237
4294967278,236
9259,5
9259,4
9259,3
9259,2
9259,1
4294967279,231
4294967279,109
4294967279,335
4294967279,108
4294967278,224
4294967279,107
4294967278,377
4294967279,221
4294967279,105
4294967279,219
4294967278,218
4294967279,217
4294967279,284
4294967279,103
4294967279,574
9258,6
4294967278,213
9258,5
4294967279,213
9258,4
4294967278,212
9258,3
9258,2
9258,1
4294967279,212
4294967279,98
4294967278,291
4294967279,97
4294967279,209
4294967279,358
4294967279,208
4294967279,207
4294967279,206
4294967278,205
4294967278,204
4294967278,203
4294967279,364
4294967278,77
4294967279,283
4294967279,88
4294967278,198
4294967278,197
4294967294,1421
4294967294,388
4294967279,357
9256,6
9256,5
9256,4
9256,3
9256,2
9256,1
4294967278,441
4294967278,76
4294967278,382
4294967279,536
4294967279,188
4294967279,282
4294967278,74
4294967278,308
4294967279,238
4294967278,417
4294967278,255
4294967279,356
4294967278,390
4294967279,380
4294967278,247
4294967279,347
4294967278,177
4294967278,430
4294967279,64
4294967279,352
4294967278,176
4294967278,175
4294967278,424
4294967279,281
4294967278,173
4294967278,171
9254,6
4294967278,170
9254,5
9254,4
4294967278,169
9254,3
9254,2
9254,1
4294967278,288
4294967279,55
4294967279,351
4294967278,416
4294967279,166
4294967279,562
4294967279,165
4294967278,164
4294967278,284
4294967278,337
4294967278,161
4294967278,160
4294967279,160
4294967278,159
4294967278,356
4294967278,393
4294967279,338
4294967278,155
4294967278,283
4294967279,43
4294967279,378
4294967278,154
4294967279,153
4294967294,1101
4294967278,405
4294967279,150
4294967279,218
4294967279,149
9252,6
4294967278,149
9252,5
9252,4
4294967278,148
9252,3
9252,2
9252,1
4294967278,445
4294967279,513
4294967278,355
4294967278,0
4294967279,144
4294967279,337
4294967278,336
0,5
4294967278,140
4294967279,139
4294967278,139
4294967279,138
4294967278,138
4294967278,354
4294967279,272
4294967279,135
9250,4
9250,3
9250,2
9250,1
4294967279,242
4294967278,134
4294967279,19
4294967294,1092
4294967294,1012
4294967294,1090
4294967294,401
4294967278,133
4294967278,276
4294967279,336
4294967278,353
4294967294,24
4294967278,287
4294967279,279
4294967278,274
4294967279,273
4294967278,273
4294967279,13
4294967279,376
4294967278,268
4294967278,267
4294967279,262
4294967278,281
4294967278,265
4294967279,257
4294967278,285
4294967279,256
4294967279,4
4294967278,262
4294967279,255
4294967278,261
9244,4
9244,3
9244,2
9244,1
4294967279,375
4294967279,319
4294967279,519
4294967279,540
4294967279,535
4294967278,442
4294967294,115
4294967279,544
4294967279,552
4294967279,317
4294967278,280
4294967279,315
4294967278,279
4294967278,292
4294967294,46
4294967294,1
4294967279,564
4294967279,342
4294967278,376
4294967278,385
4294967279,312
4294967279,247
4294967279,370
4294967279,543
4294967279,243
4294967278,375
4294967278,332
4294967279,239
4294967279,278
4294967278,239
4294967294,5
4294967294,81
4294967279,362
4294967279,236
4294967279,528
4294967294,7
4294967278,275
4294967294,6
4294967294,22
4294967294,17
4294967294,42
4294967294,76
4294967294,36
4294967294,39
4294967294,436
4294967294,417
4294967294,485
4294967294,25
4294967294,1018
4294967294,26
4294967294,1098
4294967294,82
4294967294,1418
4294967294,67
4294967293,131
4294967293,130
4294967293,129
4294967293,128
4294967293,127
4294967293,126
4294967293,125
4294967293,124
4294967293,123
4294967293,122
4294967293,121
4294967293,120
4294967293,119
4294967293,118
4294967293,117
4294967293,116
4294967293,115
4294967293,114
4294967293,113
4294967293,112
4294967293,111
4294967293,110
4294967293,109
4294967293,108
4294967293,107
4294967293,106
4294967293,105
4294967293,104
4294967293,103
4294967293,102
4294967293,101
4294967293,100
